0
0.1950857994836639
0
0.23644191255498634
0.35945018322125666
0.46466643536383223
0.44360827691241095
0.45613849679325746
0.45467427523362036
0.47002330228692946
0.4989879933667951
0.4526010020631526
0.6499064950541045
0.5038169219121014
0.6679246478766864
0.666855837068256
0.6856912398604498
0.6950334832702881
0.6864148803949881
0.6433556397695684
0.6617554533117578
0.6902392369876051
0.696554880989032
0.7009975232545589
0.6941804766344624
0.7126184512308096
0.7018045729411495
0.71986266854616
0.7154227587643336
0.7200663938687056
0.7310721916613495
0.7342165789336593
0.7166944617227442
0.7379294443359932
0.7482007766010761
0.7565607871042621
0.7402232739670959
0.7660241246444986
0.6675423155839225
0.6269562663677536
0.6998019758000583
0.7455957278790032
0.726135393287078
0.7260050655910371
0.7587934451605881
0.7626938125183562
0.772467889511485
0.7422244374574345
0.7479482104967321
0.7614426767704967
