0
0.32284202242047966
0.43779233554726754
0.5060511777655021
0.45274474279580684
0.6524132120850994
0.5443989966768015
0.4350182885744885
0.5239767724401063
0.6602209264686513
0.5129544335886627
0.5076157656550787
0.5234936367691466
0.49601183913368524
0.4905270004747935
0.4874036969131459
0.5070195240306142
0.46784754982224497
0.4634478084603438
0.513619710039125
0.44839069385834
0.4794058133174804
0.5205783730183919
0.6656874013704591
0.6509043223714839
0.4678494243359074
0.5139883780298731
0.4875375797140374
0.4345048135658345
0.4329240147524994
0.4366790207832387
0.661765982767358
0.6415496053330914
0.4955058629414976
0.5187509736935411
0.5163220916712561
0.4651053693381425
0.4491013648290499
0.46604259796885517
0.46749899846877635
0.6679099688328064
0.6682207021733358
0.6529144927945887
0.48528626070282194
0.657530991135036
0.4621355415109079
0.4926456612070984
0.49097535699684147
0.43691748110887213
0.6510864187793413
