0
0.25394888688290296
0.34651247576857425
0.317325558675044
0.4515764354193216
0.48765514567986773
0.4434806555068626
0.5220409556512827
0.4743299887642561
0.49346871414986504
0.4511274776058095
0.5403752656903719
0.6036625941294956
0.6456297257354578
0.5932037085557567
0.6567753903524687
0.6035051762329773
0.5725631197553902
0.5653739589419017
0.5569591699528271
0.5960617736516348
0.6684463066881052
0.6659861633701503
0.6527470995291871
0.5854317632518579
0.6582489950383664
0.5840822556401476
0.6573863070313402
0.6692783453943045
0.6251497176486623
0.5793915487637397
0.6456558051536644
0.6016736906433026
0.6458075884000903
0.6714802958249395
0.5718486584105609
0.7760261610263388
0.7605596379902047
0.6755100624848321
0.7809552290348991
0.7864534686647269
0.7802696521173809
0.7954764081758753
0.7909444840817922
0.7890681964167994
0.794383174906809
0.7648900492359113
0.782044440536261
0.7906238218736544
0.7941808181898907
