0
0.316050530253843
0.43706018262748975
0.44448291281438573
0.4609823418857013
0.4846338207729981
0.49035091530546754
0.5081436864297427
0.4830045043003882
0.4811793864565851
0.49015505725116487
0.4670219738456113
0.48784572841793805
0.5413184978505414
0.6274957826292101
0.47527413131519347
0.6580018965481687
0.5316365555501161
0.5509057976604175
0.5219827095357127
0.4266223303057969
0.47087933425250883
0.527945396871543
0.5425580437653205
0.45491031805498233
0.5721310215431241
0.5793986161151194
0.5371320756360408
0.5432509074859999
0.4703386943973915
0.565468621456269
0.5751947190532896
0.6511732155908841
0.6609740638124233
0.5377163287887208
0.477384619728253
0.6095510683614022
0.571404139894711
0.5680689877224924
0.6469814310783725
0.5717055538164726
0.5703350442469275
0.6502162613826541
0.5374313617724846
0.5956369265385988
0.5954954804937029
0.6517793745031909
0.6237296129520302
0.5653117080882867
0.6324830680078816
