0
0.032543169956836385
0.20729454366407346
0.2969740397135899
0.31080390947694075
0.3139066826839128
0.3190393505850583
0.40675069823620463
0.4315495596025192
0.42578630625951464
0.5107693324667429
0.519169193503334
0.4449420673578093
0.5259547012567486
0.524581923581387
0.6127361961395521
0.622850812523259
0.594754933313297
0.6234020478219022
0.6221152501215665
0.6320775324350677
0.6296775386865824
0.6332039888316447
0.6302305475789574
0.6333481542373411
0.6341677435861975
0.6312902490730966
0.6332872583899067
0.615394625616828
0.6395883903763347
0.6420242370940773
0.6271474044519723
0.6433795976972939
0.6325878374671029
0.6324273117079947
0.6421723783626992
0.6417660312685812
0.6380418839909624
0.643205868330077
0.6425034844396196
0.6448819322955349
0.637325263048125
0.6300387210354571
0.6414776447852218
0.6418220683698789
0.6459367689754555
0.6438888786642869
0.6397684215842079
0.6446775203820742
0.6378757273306147
0.6315539550780713
0.6498091845219329
0.6401096279515041
0.6493471175920683
0.6455302750157406
0.6403162807599199
0.6243251180453444
0.6486950535565325
0.6288838955693313
0.6437119292006811
0.6303452661880009
0.6460741672415273
0.6395259708342675
0.6420612601907738
0.6481921273337797
0.6446686476411939
0.6478603889312379
0.64443807394082
0.6431637935559475
0.6409662986288035
0.6461953415463905
0.6422352527544422
0.6429135275770579
0.6449523882727664
0.6438248090239447
0.6431772008192779
0.640041146028939
0.6481383303817145
0.6460055288122676
0.6449657275423294
0.6454379599897214
0.6260834379109227
0.6439367810758886
0.6411617743084645
0.6436492275204787
0.6420802408091199
0.6471439362307146
0.6407885933575004
0.6455516207151946
0.6480707831569856
0.6499486279673642
0.6396489823385509
0.6411371588737538
0.6459410555873999
0.6880814904015912
0.680452277677912
0.6852282736339305
0.6885279527192004
0.6906475323351069
0.6525217819391929
