0
0
0.31982277348480964
0.4428133088833232
0.32312671522118935
0.45465154624698234
0.40445291697129493
0.4163622156451748
0.6310100336840846
0.6232933706145543
0.6438002858021823
0.6425989009766118
0.6110978768406851
0.5941312842266692
0.6546796190017053
0.6706528179841654
0.5912962815543082
0.6332082460236254
0.596781823536223
0.5746971276123646
0.6549446989504627
0.6464908379797735
0.6528427725417651
0.6454737331436633
0.6542945814448866
0.6967077952913265
0.6781759319346979
0.5788161103577651
0.5603566541854004
0.6401913700793256
0.6110421733606107
0.6825780424897483
0.671695899077813
0.5666796413251844
0.6443013928745966
0.7499420464352333
0.6060674308002535
0.7009484159788772
0.696451297258725
0.7264764010916849
0.781193789406865
0.7749408942482601
0.7964104607109039
0.7863908621325969
0.7816424198858042
0.7993126905118394
0.8027063405787247
0.785790107867832
0.6729947405359528
0.6931839412591464
