0
0.32533797714476836
0.4414752445159714
0.3968875124510875
0.5622495050206208
0.5891094320031262
0.6584891125983063
0.6567080683519573
0.6783739652629706
0.7660168789336963
0.7256541678254559
0.7348340250457207
0.6996149986906638
0.7812363886904327
0.7412944196991673
0.6775940934998291
0.7487485706050583
0.7070046470709616
0.7533853231392489
0.7991960970679236
0.7425224901396048
0.7757981966029756
0.7753079430721858
0.8138182932569882
0.8207192555752716
0.8198337868894162
0.8121998513624885
0.7249403106080745
0.8200905980118983
0.7664835883504033
0.8092883973565821
0.7096232335625728
0.8211467856332605
0.8235533873964324
0.8159561752285472
0.8223281940392819
0.8190852992721283
0.8137387406742697
0.8165335624209821
0.8215303906973354
0.7771511846398576
0.8174750786365018
0.786388017897764
0.815977977896204
0.8108602577050161
0.8093927756120585
0.8140263909643891
0.8234049681292017
0.7661647485667289
0.8124018986646717
