0
0.3252886562936272
0.378537136401576
0.5266414714546389
0.5593245378929732
0.5675176327385464
0.5965707827566107
0.6132294065993675
0.7004941169694584
0.6960923750064661
0.7043091438441521
0.7090010439025551
0.768278770156862
0.7912699805813488
0.7918016904805333
0.8137116091990698
0.8065608286814155
0.8115324666844053
0.8108587024196271
0.8146607217218043
0.8110265526090105
0.8132081686287325
0.8069401439676888
0.8142966798671782
0.8182373249493823
0.810974849149787
0.8156883466493005
0.8077330620114739
0.8090546799047778
0.8201462498303216
0.812231312331668
0.801403465558788
0.7963445558732162
0.806057517198165
0.8190168920785224
0.8138887275503023
0.8076915165802693
0.8019724840762358
0.8131344938053789
0.7937242499511337
0.809187833274151
0.8171381564116674
0.7935504919345493
0.8252785281223755
0.7589594371022023
0.8070429310452164
0.807065946937383
0.8158097363213673
0.8377570596158583
0.8368986202341524
