0
0.22141532245995912
0.3169729152358795
0.24423254948462456
0.38919726334988347
0.4522621264952426
0.6389740440458742
0.6342910364698164
0.5597087433821538
0.6819380232729697
0.6117189672316491
0.595302895687606
0.6342990916140345
0.5324295222586627
0.6352562591840015
0.645883127313827
0.68952749290522
0.5348947527717245
0.6130131485614853
0.5923283339401428
0.5895391803411035
0.6824538714373803
0.6120502195052089
0.6891998063575778
0.7062436013873578
0.6346110798403436
0.5574910863918306
0.5957464324183195
0.6292365727942435
0.544382704511287
0.6043458096906003
0.6219643171063923
0.6462206077993159
0.7054133025111986
0.7019741896403958
0.7016443519723987
0.6396040094500228
0.7082218658435702
0.7041205937857093
0.6990696701979024
0.7088658206943466
0.6992721421341125
0.7044049688243336
0.709652362376616
0.6975949770857494
0.7094061770160035
0.7110122006765953
0.613995919837931
0.7106536480445325
0.7316401101218976
