0
0.3174649120934727
0.44943512419848936
0.6494793679166538
0.6798239426445923
0.6058728238261541
0.6292233715950866
0.6428532561343485
0.5911642928701888
0.6681039252776905
0.6545616499940284
0.700367484051393
0.6851902215588319
0.7029213594598529
0.7046694984331665
0.7052152189205261
0.7071482270043701
0.702785018211045
0.7009370580908313
0.5778879474886801
0.7035001542075304
0.7040041174385464
0.7031079947313271
0.7059483340186248
0.689004850837735
0.7905389759880954
0.6781144601034947
0.8135016000271208
0.8051850874100512
0.8174690516349508
0.8233639995128722
0.8067652924567363
0.8159755733709777
0.8098761138852807
0.8137634764156201
0.8140757793051284
0.8134728641410064
0.8192698138851466
0.8131219977690306
0.8112932846378172
0.8256905743315057
0.8179347660387188
0.8129728248182183
0.8197545683357667
0.8173049947915721
0.8002978324560969
0.7111350020878874
0.8136813799518912
0.818162186109462
0.7615200881049524
